-1.9207e-01,-0.0000e+00,9.8461e+00,2.2897e-01,-1.1630e-01,3.1171e-01,3.8713e-01
0.0000e+00,2.1160e-07,0.0000e+00,0.0000e+00,-0.0000e+00,0.0000e+00,0.0000e+00
9.8461e+00,0.0000e+00,1.5204e+03,-9.3120e+00,8.7528e+00,-2.7145e+01,-1.4065e+01
2.2897e-01,0.0000e+00,-9.3120e+00,-5.6280e-02,2.6606e-01,-2.5015e-01,-4.0730e-01
-1.1630e-01,0.0000e+00,8.7528e+00,2.6606e-01,9.1965e-02,1.0468e-01,3.3661e-01
3.1171e-01,0.0000e+00,-2.7145e+01,-2.5015e-01,1.0468e-01,7.6460e-01,-9.8875e-01
3.8713e-01,0.0000e+00,-1.4065e+01,-4.0730e-01,3.3661e-01,-9.8875e-01,-6.0606e-01
