1.0381e-04,-8.4739e-07,-4.6496e-05,1.1262e-04,2.7736e-04,-5.6005e-05
-8.4739e-07,2.2845e-07,1.4116e-06,2.2838e-06,-3.7102e-05,4.7958e-06
-4.6496e-05,1.4116e-06,1.1366e-04,-3.3823e-04,-9.4308e-04,1.0216e-04
1.1262e-04,2.2838e-06,-3.3823e-04,2.8617e-03,-4.6605e-03,-1.0524e-05
2.7736e-04,-3.7102e-05,-9.4308e-04,-4.6605e-03,6.8811e-02,-4.3477e-03
-5.6005e-05,4.7958e-06,1.0216e-04,-1.0524e-05,-4.3477e-03,3.9030e-04
