SUMMARY
-------
analyzer: nested
nested_algorithm: multi
dynamic: False
nlive: 4000
niter: 71110
ncall: 450206
%eff: 16.6837
logz: -543.8878 +/- 0.0689
loglikes: [-4674.66390322 -4516.32936538 -4382.83246465 ...  -530.74951172
  -530.73382568  -530.71759033]
Om: 0.3059 +/- 0.0164
Obh2: 0.0221 +/- 0.0004
h: 0.6710 +/- 0.0187
s8: 0.7099 +/- 0.1320
mnu: 0.4745 +/- 0.2703
w: -0.9719 +/- 0.0517
wa: -0.0903 +/- 0.2766
Ok: -0.0011 +/- 0.0109

Elapsed time: 6301.925 minutes = 378115.517 seconds 
