-8.6895e-04,1.0291e-06,-1.0064e-03,-5.9377e-03,1.2992e-02,3.7479e-03
1.0291e-06,-2.0708e-07,-7.2238e-07,6.8094e-06,-1.8370e-05,-3.8024e-06
-1.0064e-03,-7.2238e-07,-1.6913e-03,-8.4264e-03,1.6667e-02,5.7149e-03
-5.9377e-03,6.8094e-06,-8.4264e-03,-6.6832e-02,1.3884e-01,3.4236e-02
1.2992e-02,-1.8370e-05,1.6667e-02,1.3884e-01,-4.5210e-01,-5.8815e-02
3.7479e-03,-3.8024e-06,5.7149e-03,3.4236e-02,-5.8815e-02,-2.1674e-02
